sequence,suite,cohort,repetition,discrepancy,encrypt_wall_ms,encrypt_reported_ms,http_wall_ms,server_reported_ms,pbs,output_gallery_size,decrypt_wall_ms,decrypt_reported_ms
0,historical_frontier,tuning_impostor,0,False,6.795,0.42,6863.286,6862.7,3655,127,5.121,
1,historical_frontier,primary_test_impostor,0,False,7.061,0.59,7815.159,7814.4,3655,127,6.359,
2,historical_frontier,tuning_impostor,0,False,5.565,0.49,10821.373,10810.8,3655,127,63.212,
3,historical_frontier,extended_holdout_non_tuning_impostor,0,False,11.627,0.48,9910.365,9909.4,3655,127,9.078,
4,historical_frontier,tuning_impostor,0,False,6.006,0.51,8931.233,8929.8,3655,127,8.334,
5,primary_genuine,genuine,0,False,6.379,0.43,9025.121,9024.1,3655,127,5.434,
6,primary_genuine,genuine,0,False,6.117,0.48,9096.953,9095.9,3655,127,6.38,
7,primary_genuine,genuine,0,False,6.415,0.53,8074.37,8073.4,3655,127,6.807,
8,primary_genuine,genuine,0,False,6.972,0.52,8398.068,8396.6,3655,127,5.548,
9,primary_genuine,genuine,0,False,8.52,2.62,8920.17,8919.1,3655,127,5.839,
10,primary_genuine,genuine,0,False,5.232,0.54,7505.307,7504.5,3655,127,5.655,
11,primary_genuine,genuine,0,False,5.916,0.51,7422.04,7421.2,3655,127,7.939,
12,primary_genuine,genuine,0,False,5.856,0.45,7740.619,7736.4,3655,127,18.631,
13,primary_genuine,genuine,0,False,17.577,0.64,8494.339,8492.6,3655,127,6.224,
14,primary_genuine,genuine,0,False,5.679,0.49,7911.261,7910.4,3655,127,5.506,
15,primary_genuine,genuine,0,False,5.527,0.45,7406.421,7405.7,3655,127,6.369,
16,primary_genuine,genuine,0,False,5.637,0.62,7542.277,7541.5,3655,127,5.768,
17,primary_genuine,genuine,0,False,5.424,0.44,8812.521,8811.8,3655,127,5.333,
18,primary_genuine,genuine,0,False,5.831,0.53,9720.061,9718.9,3655,127,7.165,
19,primary_genuine,genuine,0,False,6.738,0.48,10012.148,10010.7,3655,127,6.016,
20,primary_genuine,genuine,0,False,5.839,0.47,9689.193,9688.2,3655,127,7.431,
21,primary_genuine,genuine,0,False,7.202,0.47,8569.137,8568.1,3655,127,8.189,
22,primary_genuine,genuine,0,False,6.293,0.56,7917.427,7916.6,3655,127,6.218,
23,primary_genuine,genuine,0,False,7.057,0.52,7326.526,7325.5,3655,127,5.451,
24,primary_genuine,genuine,0,False,5.633,0.44,7315.315,7314.5,3655,127,5.462,
25,primary_genuine,genuine,0,False,6.113,0.51,8012.386,8011.0,3655,127,5.776,
26,primary_genuine,genuine,0,False,5.519,0.5,8610.928,8608.3,3655,127,6.344,
27,primary_genuine,genuine,0,False,5.583,0.46,7549.227,7548.2,3655,127,6.338,
28,primary_genuine,genuine,0,False,5.285,0.41,7182.504,7181.4,3655,127,6.153,
29,primary_genuine,genuine,0,False,7.487,0.59,7615.99,7615.2,3655,127,5.692,
30,primary_genuine,genuine,0,False,6.012,0.45,8152.274,8149.4,3655,127,12.076,
31,primary_genuine,genuine,0,False,8.94,0.49,9860.775,9859.4,3655,127,6.198,
32,primary_genuine,genuine,0,False,6.296,0.48,11170.621,11169.2,3655,127,8.911,
33,primary_genuine,genuine,0,False,8.76,0.6,9430.186,9427.6,3655,127,6.291,
34,primary_genuine,genuine,0,False,6.467,0.48,8972.54,8971.0,3655,127,6.699,
35,primary_genuine,genuine,0,False,6.286,0.49,7746.034,7745.1,3655,127,6.412,
36,primary_genuine,genuine,0,False,5.709,0.49,8394.121,8393.0,3655,127,5.13,
37,primary_genuine,genuine,0,False,5.964,0.46,7589.316,7588.1,3655,127,5.401,
38,primary_genuine,genuine,0,False,5.561,0.43,7572.654,7571.5,3655,127,5.136,
39,primary_genuine,genuine,0,False,5.838,0.46,7192.226,7191.1,3655,127,7.331,
40,primary_genuine,genuine,0,False,6.719,0.46,8050.364,8049.6,3655,127,6.983,
41,primary_genuine,genuine,0,False,5.769,0.53,7123.619,7122.8,3655,127,5.427,
42,primary_genuine,genuine,0,False,5.365,0.44,8494.802,8493.7,3655,127,9.841,
43,primary_genuine,genuine,0,False,16.142,0.49,7640.033,7638.8,3655,127,5.66,
44,primary_genuine,genuine,0,False,6.004,0.45,8358.627,8357.5,3655,127,6.436,
45,primary_genuine,genuine,0,False,5.588,0.51,8959.384,8956.7,3655,127,20.207,
46,primary_genuine,genuine,0,False,11.758,1.48,9101.615,9100.1,3655,127,15.916,
47,primary_genuine,genuine,0,False,13.771,0.81,9271.256,9269.9,3655,127,6.5,
48,primary_genuine,genuine,0,False,6.4,0.63,9899.127,9898.0,3655,127,6.839,
49,primary_genuine,genuine,0,False,6.516,0.49,10261.178,10260.1,3655,127,6.541,
50,primary_genuine,genuine,0,False,6.005,0.49,10597.703,10596.7,3655,127,6.455,
51,primary_genuine,genuine,0,False,7.793,0.64,8835.054,8833.5,3655,127,6.155,
52,primary_genuine,genuine,0,False,6.919,0.43,8931.618,8930.7,3655,127,6.062,
53,primary_genuine,genuine,0,False,8.4,1.16,8556.101,8555.2,3655,127,5.258,
54,primary_genuine,genuine,0,False,6.099,0.46,9368.253,9366.9,3655,127,6.057,
55,primary_genuine,genuine,0,False,5.909,0.44,7964.733,7963.8,3655,127,5.702,
56,primary_genuine,genuine,0,False,5.988,0.44,7368.712,7367.7,3655,127,5.472,
57,primary_genuine,genuine,0,False,6.228,0.86,7916.96,7915.8,3655,127,5.914,
58,primary_genuine,genuine,0,False,5.959,0.45,10327.003,10325.9,3655,127,11.842,
59,primary_genuine,genuine,0,False,18.214,4.59,8561.05,8558.5,3655,127,5.909,
60,primary_genuine,genuine,0,False,6.815,0.54,8986.066,8984.7,3655,127,6.335,
61,primary_genuine,genuine,0,False,7.262,0.47,8114.77,8113.9,3655,127,5.921,
62,primary_genuine,genuine,0,False,7.515,0.62,8088.396,8087.5,3655,127,6.383,
63,primary_genuine,genuine,0,False,6.14,0.44,7643.636,7642.4,3655,127,17.504,
64,primary_genuine,genuine,0,False,10.66,0.98,8014.77,8013.6,3655,127,8.124,
65,primary_genuine,genuine,0,False,5.23,0.44,7992.446,7991.7,3655,127,6.164,
66,primary_genuine,genuine,0,False,5.756,0.4,7676.37,7675.5,3655,127,5.625,
67,primary_genuine,genuine,0,False,6.233,0.52,7539.148,7538.3,3655,127,6.254,
68,primary_genuine,genuine,0,False,7.558,0.61,7487.149,7486.2,3655,127,6.105,
69,primary_genuine,genuine,0,False,5.146,0.51,6841.733,6841.0,3655,127,8.161,
70,primary_genuine,genuine,0,False,6.071,0.57,7251.672,7250.5,3655,127,5.569,
71,primary_genuine,genuine,0,False,5.744,0.52,7136.084,7135.4,3655,127,6.216,
72,primary_genuine,genuine,0,False,5.647,0.48,6757.779,6757.0,3655,127,10.501,
73,primary_genuine,genuine,0,False,6.935,0.55,7444.514,7443.7,3655,127,5.782,
74,primary_genuine,genuine,0,False,5.989,0.46,7186.549,7185.8,3655,127,14.374,
75,primary_genuine,genuine,0,False,10.423,0.54,7390.602,7389.8,3655,127,5.194,
76,primary_genuine,genuine,0,False,5.929,0.49,6909.479,6908.6,3655,127,5.761,
77,primary_genuine,genuine,0,False,6.027,0.48,7303.153,7302.4,3655,127,5.645,
78,primary_genuine,genuine,0,False,5.867,0.47,7204.009,7203.1,3655,127,5.969,
79,primary_genuine,genuine,0,False,5.615,0.47,8852.919,8852.1,3655,127,9.174,
80,primary_genuine,genuine,0,False,10.71,0.49,7739.428,7738.5,3655,127,6.24,
81,primary_genuine,genuine,0,False,7.634,0.47,9191.047,9190.2,3655,127,5.723,
82,primary_genuine,genuine,0,False,7.829,0.47,7276.514,7267.2,3655,127,19.687,
83,primary_genuine,genuine,0,False,14.579,0.6,7934.441,7933.4,3655,127,12.176,
84,primary_genuine,genuine,0,False,7.169,0.5,8548.221,8547.4,3655,127,5.95,
85,primary_genuine,genuine,0,False,6.766,0.48,8278.583,8277.7,3655,127,6.578,
86,primary_genuine,genuine,0,False,7.453,0.46,7574.905,7574.1,3655,127,7.949,
87,primary_genuine,genuine,0,False,7.218,0.51,8503.348,8502.2,3655,127,5.683,
88,primary_genuine,genuine,0,False,5.914,0.52,8692.285,8690.8,3655,127,7.631,
89,primary_genuine,genuine,0,False,8.928,0.59,8850.709,8849.2,3655,127,7.007,
90,primary_genuine,genuine,0,False,7.67,0.57,9096.482,9088.7,3655,127,32.674,
91,primary_genuine,genuine,0,False,17.74,1.0,9907.097,9903.5,3655,127,7.175,
92,primary_genuine,genuine,0,False,8.164,0.65,8997.01,8995.1,3655,127,7.455,
93,primary_genuine,genuine,0,False,6.714,0.48,7981.198,7979.8,3655,127,7.33,
94,primary_genuine,genuine,0,False,6.789,0.46,7464.962,7463.7,3655,127,5.798,
95,primary_genuine,genuine,0,False,5.692,0.46,8197.99,8196.9,3655,127,7.271,
96,primary_genuine,genuine,0,False,6.5,0.46,7532.286,7531.5,3655,127,5.676,
97,primary_genuine,genuine,0,False,5.776,0.45,7583.628,7582.8,3655,127,7.465,
98,primary_genuine,genuine,0,False,7.66,0.5,7355.998,7354.6,3655,127,5.533,
99,primary_genuine,genuine,0,False,6.57,0.55,7863.019,7862.2,3655,127,5.989,
100,primary_genuine,genuine,0,False,10.797,0.73,7408.829,7408.0,3655,127,8.316,
101,primary_genuine,genuine,0,False,5.241,0.52,6778.116,6777.4,3655,127,6.056,
102,primary_genuine,genuine,0,False,6.223,0.6,6797.097,6796.4,3655,127,5.609,
103,primary_genuine,genuine,0,False,4.795,0.45,7331.563,7330.7,3655,127,7.064,
104,primary_genuine,genuine,0,False,8.502,0.46,7352.44,7351.7,3655,127,6.044,
105,primary_genuine,genuine,0,False,5.423,0.43,6623.616,6623.0,3655,127,5.279,
106,primary_genuine,genuine,0,False,5.317,0.5,6365.992,6365.3,3655,127,5.212,
107,primary_genuine,genuine,0,False,5.499,0.45,6633.222,6632.5,3655,127,5.689,
108,primary_genuine,genuine,0,False,6.39,0.49,7449.806,7448.5,3655,127,5.214,
109,primary_genuine,genuine,0,False,5.378,0.51,7078.858,7070.0,3655,127,16.557,
110,primary_genuine,genuine,0,False,8.335,0.58,6605.965,6605.1,3655,127,5.887,
111,primary_genuine,genuine,0,False,5.797,0.46,7457.15,7456.4,3655,127,5.988,
112,primary_genuine,genuine,0,False,6.422,0.5,6958.762,6958.0,3655,127,5.426,
113,primary_genuine,genuine,0,False,6.457,0.45,6891.571,6891.0,3655,127,5.717,
114,primary_genuine,genuine,0,False,6.017,0.49,6858.019,6857.2,3655,127,5.656,
115,primary_genuine,genuine,0,False,5.642,0.47,7702.302,7701.3,3655,127,7.212,
116,primary_genuine,genuine,0,False,6.168,0.46,7311.118,7310.4,3655,127,6.551,
117,primary_genuine,genuine,0,False,6.778,0.47,7779.579,7778.0,3655,127,9.244,
118,primary_genuine,genuine,0,False,10.616,0.74,9045.63,9044.9,3655,127,6.154,
119,primary_genuine,genuine,0,False,5.671,0.46,7696.167,7695.3,3655,127,5.62,
120,primary_genuine,genuine,0,False,5.417,0.44,8681.039,8680.0,3655,127,6.679,
121,primary_genuine,genuine,0,False,6.511,0.58,8318.268,8317.0,3655,127,7.908,
122,primary_genuine,genuine,0,False,7.539,0.47,8392.267,8391.4,3655,127,6.558,
123,primary_genuine,genuine,0,False,6.422,0.56,7510.92,7510.1,3655,127,5.662,
124,primary_genuine,genuine,0,False,6.468,0.52,7710.746,7709.7,3655,127,7.38,
125,primary_genuine,genuine,0,False,6.632,0.47,8727.72,8691.8,3655,127,83.939,
126,primary_genuine,genuine,0,False,15.963,0.71,10637.502,10636.2,3655,127,6.819,
127,primary_genuine,genuine,0,False,7.668,0.51,11248.745,11247.6,3655,127,8.122,
128,primary_genuine,genuine,0,False,7.532,0.62,9330.584,9329.7,3655,127,8.964,
129,primary_genuine,genuine,0,False,11.096,0.5,9350.582,9349.3,3655,127,6.86,
130,primary_genuine,genuine,0,False,7.402,0.47,7025.734,7024.4,3655,127,5.977,
131,primary_genuine,genuine,0,False,6.043,0.47,7091.044,7090.1,3655,127,6.401,
132,primary_test_impostor,primary_test_impostor,0,False,5.657,0.45,7383.568,7382.7,3655,127,5.95,
133,primary_test_impostor,primary_test_impostor,0,False,6.66,0.51,7139.634,7138.5,3655,127,6.985,
134,primary_test_impostor,primary_test_impostor,0,False,7.359,0.5,7638.76,7634.7,3655,127,25.507,
135,primary_test_impostor,primary_test_impostor,0,False,9.384,0.67,8402.386,8401.1,3655,127,6.659,
136,primary_test_impostor,primary_test_impostor,0,False,9.843,0.98,8264.65,8261.6,3655,127,8.968,
137,primary_test_impostor,primary_test_impostor,0,False,8.134,0.47,7530.395,7529.4,3655,127,5.743,
138,primary_test_impostor,primary_test_impostor,0,False,5.76,0.49,7667.348,7666.2,3655,127,7.583,
139,primary_test_impostor,primary_test_impostor,0,False,5.326,0.45,7354.225,7352.5,3655,127,9.456,
140,primary_test_impostor,primary_test_impostor,0,False,13.531,1.31,7373.591,7372.4,3655,127,5.857,
141,primary_test_impostor,primary_test_impostor,0,False,8.028,0.46,7486.258,7485.4,3655,127,5.317,
142,primary_test_impostor,primary_test_impostor,0,False,6.889,0.57,7807.016,7806.1,3655,127,8.1,
143,primary_test_impostor,primary_test_impostor,0,False,6.42,0.48,7535.37,7534.2,3655,127,6.297,
144,primary_test_impostor,primary_test_impostor,0,False,6.748,0.58,7678.446,7677.2,3655,127,6.123,
145,primary_test_impostor,primary_test_impostor,0,False,6.193,0.51,7912.794,7911.7,3655,127,7.454,
146,primary_test_impostor,primary_test_impostor,0,False,5.932,0.43,9172.908,9171.4,3655,127,7.636,
147,primary_test_impostor,primary_test_impostor,0,False,8.35,0.48,7798.822,7797.9,3655,127,9.263,
148,primary_test_impostor,primary_test_impostor,0,False,7.157,0.51,6848.655,6847.9,3655,127,5.966,
149,primary_test_impostor,primary_test_impostor,0,False,5.467,0.44,7207.438,7206.6,3655,127,10.018,
150,primary_test_impostor,primary_test_impostor,0,False,7.507,0.62,9825.629,9824.4,3655,127,8.001,
151,primary_test_impostor,primary_test_impostor,0,False,6.426,0.48,7529.663,7528.9,3655,127,6.237,
152,primary_test_impostor,primary_test_impostor,0,False,5.87,0.53,7738.103,7737.1,3655,127,6.703,
153,primary_test_impostor,primary_test_impostor,0,False,6.008,0.53,7217.064,7216.1,3655,127,7.831,
154,primary_test_impostor,primary_test_impostor,0,False,6.057,0.47,7860.888,7860.0,3655,127,8.989,
155,primary_test_impostor,primary_test_impostor,0,False,7.787,0.48,8646.581,8645.6,3655,127,6.071,
156,primary_test_impostor,primary_test_impostor,0,False,7.789,0.51,8973.985,8973.1,3655,127,11.522,
157,primary_test_impostor,primary_test_impostor,0,False,10.232,0.48,10344.811,10337.3,3655,127,9.03,
158,primary_test_impostor,primary_test_impostor,0,False,6.771,0.47,9968.592,9967.6,3655,127,7.575,
159,primary_test_impostor,primary_test_impostor,0,False,6.029,0.49,7990.959,7990.2,3655,127,6.591,
160,primary_test_impostor,primary_test_impostor,0,False,6.637,0.47,8311.74,8310.9,3655,127,5.978,
161,primary_test_impostor,primary_test_impostor,0,False,5.881,0.52,8255.251,8254.3,3655,127,6.481,
162,primary_test_impostor,primary_test_impostor,0,False,5.604,0.49,9236.948,9236.0,3655,127,6.573,
163,primary_test_impostor,primary_test_impostor,0,False,6.011,0.45,8474.276,8473.1,3655,127,9.002,
164,primary_test_impostor,primary_test_impostor,0,False,5.662,0.46,7726.35,7725.4,3655,127,6.293,
165,primary_test_impostor,primary_test_impostor,0,False,6.238,0.52,8153.837,8152.8,3655,127,6.596,
166,primary_test_impostor,primary_test_impostor,0,False,6.523,0.49,7556.023,7554.9,3655,127,6.013,
167,primary_test_impostor,primary_test_impostor,0,False,6.578,0.49,8029.949,8028.7,3655,127,8.91,
168,primary_test_impostor,primary_test_impostor,0,False,7.437,0.49,7403.602,7402.7,3655,127,5.561,
169,primary_test_impostor,primary_test_impostor,0,False,5.682,0.56,7322.387,7321.7,3655,127,5.703,
170,primary_test_impostor,primary_test_impostor,0,False,5.763,0.47,6867.609,6867.0,3655,127,6.155,
171,primary_test_impostor,primary_test_impostor,0,False,6.198,0.5,6927.389,6926.8,3655,127,5.822,
172,primary_test_impostor,primary_test_impostor,0,False,5.295,0.42,7639.638,7638.7,3655,127,5.786,
173,primary_test_impostor,primary_test_impostor,0,False,5.978,0.47,7293.114,7292.4,3655,127,5.922,
174,primary_test_impostor,primary_test_impostor,0,False,6.065,0.45,6779.418,6778.7,3655,127,16.829,
175,primary_test_impostor,primary_test_impostor,0,False,39.583,0.83,8691.636,8690.3,3655,127,6.278,
176,primary_test_impostor,primary_test_impostor,0,False,5.97,0.47,8824.662,8823.6,3655,127,6.113,
177,primary_test_impostor,primary_test_impostor,0,False,5.822,0.45,6962.24,6960.9,3655,127,6.676,
178,primary_test_impostor,primary_test_impostor,0,False,7.734,0.53,7326.447,7325.2,3655,127,6.098,
179,primary_test_impostor,primary_test_impostor,0,False,6.444,0.6,9244.843,9243.7,3655,127,6.75,
180,primary_test_impostor,primary_test_impostor,0,False,11.277,0.98,9152.482,9151.3,3655,127,9.323,
181,primary_test_impostor,primary_test_impostor,0,False,10.221,0.5,8984.655,8983.0,3655,127,7.727,
182,primary_test_impostor,primary_test_impostor,0,False,6.027,0.47,8356.601,8355.6,3655,127,7.45,
183,primary_test_impostor,primary_test_impostor,0,False,8.077,0.52,8221.398,8220.2,3655,127,6.461,
184,primary_test_impostor,primary_test_impostor,0,False,7.423,0.6,8886.329,8884.5,3655,127,6.731,
185,primary_test_impostor,primary_test_impostor,0,False,6.309,0.5,7627.043,7625.8,3655,127,6.739,
186,primary_test_impostor,primary_test_impostor,0,False,5.763,0.45,7858.688,7856.1,3655,127,14.096,
187,primary_test_impostor,primary_test_impostor,0,False,6.342,0.54,7810.134,7809.3,3655,127,7.525,
188,primary_test_impostor,primary_test_impostor,0,False,5.845,0.46,7665.327,7664.6,3655,127,5.66,
189,primary_test_impostor,primary_test_impostor,0,False,5.791,0.46,6865.876,6865.3,3655,127,5.422,
190,primary_test_impostor,primary_test_impostor,0,False,6.475,0.5,6411.356,6410.7,3655,127,6.294,
191,primary_test_impostor,primary_test_impostor,0,False,5.377,0.52,6516.434,6515.5,3655,127,6.121,
192,primary_test_impostor,primary_test_impostor,0,False,5.31,0.48,7973.39,7971.4,3655,127,10.155,
193,primary_test_impostor,primary_test_impostor,0,False,6.545,0.46,7184.543,7183.8,3655,127,7.758,
194,primary_test_impostor,primary_test_impostor,0,False,7.538,0.6,7595.253,7592.5,3655,127,9.443,
195,primary_test_impostor,primary_test_impostor,0,False,14.161,0.69,8755.103,8754.2,3655,127,6.006,
196,primary_test_impostor,primary_test_impostor,0,False,5.69,0.48,8020.613,8019.8,3655,127,5.91,
197,primary_test_impostor,primary_test_impostor,0,False,10.866,4.83,7492.974,7492.2,3655,127,6.297,
198,primary_test_impostor,primary_test_impostor,0,False,6.038,0.53,7277.629,7276.9,3655,127,7.918,
199,primary_test_impostor,primary_test_impostor,0,False,6.297,0.49,7802.207,7801.4,3655,127,7.602,
200,primary_test_impostor,primary_test_impostor,0,False,6.527,0.51,7889.325,7888.6,3655,127,5.123,
201,primary_test_impostor,primary_test_impostor,0,False,5.987,0.48,6791.301,6790.6,3655,127,5.88,
202,primary_test_impostor,primary_test_impostor,0,False,5.953,0.46,6923.764,6922.9,3655,127,5.616,
203,primary_test_impostor,primary_test_impostor,0,False,6.492,0.43,6933.683,6933.0,3655,127,5.721,
204,primary_test_impostor,primary_test_impostor,0,False,5.621,0.42,7429.687,7428.9,3655,127,5.731,
205,primary_test_impostor,primary_test_impostor,0,False,5.85,0.54,6659.501,6658.7,3655,127,5.726,
206,primary_test_impostor,primary_test_impostor,0,False,6.081,0.44,6641.097,6640.4,3655,127,5.834,
207,primary_test_impostor,primary_test_impostor,0,False,6.165,0.45,6726.354,6725.7,3655,127,5.749,
208,primary_test_impostor,primary_test_impostor,0,False,5.935,0.44,7286.288,7285.6,3655,127,5.721,
209,primary_test_impostor,primary_test_impostor,0,False,6.734,0.48,7129.341,7128.6,3655,127,5.686,
210,primary_test_impostor,primary_test_impostor,0,False,6.05,0.61,7074.181,7073.5,3655,127,6.474,
211,primary_test_impostor,primary_test_impostor,0,False,6.438,0.5,9127.556,9124.5,3655,127,8.864,
212,primary_test_impostor,primary_test_impostor,0,False,8.404,0.67,8488.139,8486.6,3655,127,6.397,
213,primary_test_impostor,primary_test_impostor,0,False,6.936,0.51,8814.33,8813.3,3655,127,6.409,
214,primary_test_impostor,primary_test_impostor,0,False,6.051,0.56,7557.384,7556.5,3655,127,7.424,
215,primary_test_impostor,primary_test_impostor,0,False,6.43,0.82,7904.56,7903.7,3655,127,5.474,
216,primary_test_impostor,primary_test_impostor,0,False,6.641,0.72,8065.929,8064.9,3655,127,8.861,
217,primary_test_impostor,primary_test_impostor,0,False,6.58,0.45,7063.037,7062.4,3655,127,6.655,
218,primary_test_impostor,primary_test_impostor,0,False,9.01,0.5,7427.915,7426.8,3655,127,11.562,
219,primary_test_impostor,primary_test_impostor,0,False,14.771,0.63,7652.91,7651.9,3655,127,5.413,
220,primary_test_impostor,primary_test_impostor,0,False,5.755,0.48,6767.252,6766.3,3655,127,5.685,
221,primary_test_impostor,primary_test_impostor,0,False,6.417,0.45,7357.378,7356.6,3655,127,6.242,
222,primary_test_impostor,primary_test_impostor,0,False,10.814,0.66,6836.733,6836.1,3655,127,5.51,
223,primary_test_impostor,primary_test_impostor,0,False,5.636,0.53,6979.55,6978.7,3655,127,11.715,
224,primary_test_impostor,primary_test_impostor,0,False,5.996,0.48,7003.56,7002.7,3655,127,5.304,
225,primary_test_impostor,primary_test_impostor,0,False,4.932,0.42,6560.154,6559.5,3655,127,5.989,
226,primary_test_impostor,primary_test_impostor,0,False,5.374,0.46,6938.976,6938.3,3655,127,5.386,
227,primary_test_impostor,primary_test_impostor,0,False,6.131,0.5,7131.134,7130.2,3655,127,7.388,
228,primary_test_impostor,primary_test_impostor,0,False,7.337,0.43,6791.143,6790.4,3655,127,6.05,
229,primary_test_impostor,primary_test_impostor,0,False,5.999,0.52,6793.186,6792.5,3655,127,5.813,
230,primary_test_impostor,primary_test_impostor,0,False,5.563,0.52,7835.377,7834.6,3655,127,6.979,
231,primary_test_impostor,primary_test_impostor,0,False,6.52,0.53,8258.979,8258.0,3655,127,5.891,
232,primary_test_impostor,primary_test_impostor,0,False,7.049,0.53,8769.331,8768.4,3655,127,5.812,
233,primary_test_impostor,primary_test_impostor,0,False,5.94,0.46,7921.057,7919.9,3655,127,9.793,
234,primary_test_impostor,primary_test_impostor,0,False,10.691,0.57,8470.999,8466.3,3655,127,16.978,
235,primary_test_impostor,primary_test_impostor,0,False,18.986,0.94,9162.976,9161.0,3655,127,8.787,
236,primary_test_impostor,primary_test_impostor,0,False,9.242,0.54,8062.98,8061.9,3655,127,6.192,
237,primary_test_impostor,primary_test_impostor,0,False,5.519,0.46,8230.684,8229.6,3655,127,5.705,
238,primary_test_impostor,primary_test_impostor,0,False,5.793,0.48,7844.79,7843.9,3655,127,5.888,
239,primary_test_impostor,primary_test_impostor,0,False,6.007,0.48,8414.31,8413.5,3655,127,5.512,
240,primary_test_impostor,primary_test_impostor,0,False,6.105,0.45,7270.462,7269.7,3655,127,5.229,
241,primary_test_impostor,primary_test_impostor,0,False,5.812,0.51,6874.489,6873.9,3655,127,6.609,
242,primary_test_impostor,primary_test_impostor,0,False,5.351,0.45,8923.199,8921.8,3655,127,6.984,
243,primary_test_impostor,primary_test_impostor,0,False,6.586,0.52,8058.802,8057.8,3655,127,9.524,
244,primary_test_impostor,primary_test_impostor,0,False,6.111,0.5,8663.332,8662.4,3655,127,6.479,
245,primary_test_impostor,primary_test_impostor,0,False,9.035,0.5,8016.116,8015.0,3655,127,5.925,
246,primary_test_impostor,primary_test_impostor,0,False,6.707,0.6,9151.932,9150.9,3655,127,5.623,
247,primary_test_impostor,primary_test_impostor,0,False,5.999,0.47,10176.204,10175.0,3655,127,6.166,
248,primary_test_impostor,primary_test_impostor,0,False,7.259,0.51,8751.158,8749.7,3655,127,6.0,
249,primary_test_impostor,primary_test_impostor,0,False,6.806,0.49,8313.579,8312.2,3655,127,9.075,
250,primary_test_impostor,primary_test_impostor,0,False,6.935,0.74,8443.433,8442.3,3655,127,5.632,
251,primary_test_impostor,primary_test_impostor,0,False,6.077,0.45,8490.968,8489.9,3655,127,6.542,
252,primary_test_impostor,primary_test_impostor,0,False,5.455,0.47,7464.777,7463.9,3655,127,8.236,
253,primary_test_impostor,primary_test_impostor,0,False,6.29,0.6,7586.682,7582.7,3655,127,7.479,
254,primary_test_impostor,primary_test_impostor,0,False,5.907,0.49,7820.668,7818.9,3655,127,5.203,
255,primary_test_impostor,primary_test_impostor,0,False,6.773,0.55,8362.759,8361.6,3655,127,6.959,
256,primary_test_impostor,primary_test_impostor,0,False,6.598,0.45,8614.911,8613.8,3655,127,6.291,
257,primary_test_impostor,primary_test_impostor,0,False,6.306,0.47,7750.336,7749.6,3655,127,6.071,
258,primary_test_impostor,primary_test_impostor,0,False,6.682,0.43,7527.198,7526.5,3655,127,6.16,
259,primary_test_impostor,primary_test_impostor,0,False,5.525,0.47,7446.147,7445.4,3655,127,7.66,
260,primary_test_impostor,primary_test_impostor,0,False,6.981,0.51,7170.522,7169.8,3655,127,6.278,
261,primary_test_impostor,primary_test_impostor,0,False,5.296,0.46,8331.87,8330.8,3655,127,6.19,
262,primary_test_impostor,primary_test_impostor,0,False,8.287,0.5,7728.556,7727.9,3655,127,6.96,
263,primary_test_impostor,primary_test_impostor,0,False,5.284,0.43,7210.871,7210.2,3655,127,6.062,
264,primary_test_impostor,primary_test_impostor,0,False,5.494,0.43,7750.464,7749.5,3655,127,8.563,
265,primary_test_impostor,primary_test_impostor,0,False,28.817,2.3,9796.28,9795.5,3655,127,6.358,
266,primary_test_impostor,primary_test_impostor,0,False,6.343,0.44,9763.993,9762.6,3655,127,7.512,
267,primary_test_impostor,primary_test_impostor,0,False,7.025,0.45,9760.509,9759.2,3655,127,6.749,
268,primary_test_impostor,primary_test_impostor,0,False,6.777,0.53,12198.831,12186.0,3655,127,42.079,
269,primary_test_impostor,primary_test_impostor,0,False,28.137,0.71,10498.205,10496.9,3655,127,11.036,
270,primary_test_impostor,primary_test_impostor,0,False,9.125,0.85,10946.421,10944.4,3655,127,11.206,
271,primary_test_impostor,primary_test_impostor,0,False,11.704,1.01,11103.527,11093.9,3655,127,30.301,
272,primary_test_impostor,primary_test_impostor,0,False,14.471,0.9,10214.515,10211.7,3655,127,6.998,
273,primary_test_impostor,primary_test_impostor,0,False,7.403,0.53,11362.481,11359.8,3655,127,24.795,
274,primary_test_impostor,primary_test_impostor,0,False,12.548,0.88,10019.009,10017.5,3655,127,11.118,
275,primary_test_impostor,primary_test_impostor,0,False,13.366,0.5,10761.824,10760.4,3655,127,9.918,
276,primary_test_impostor,primary_test_impostor,0,False,11.116,1.05,9549.907,9548.5,3655,127,6.33,
277,primary_test_impostor,primary_test_impostor,0,False,6.46,0.45,9853.719,9852.1,3655,127,11.136,
278,primary_test_impostor,primary_test_impostor,0,False,13.071,0.47,10287.424,10285.8,3655,127,11.545,
279,primary_test_impostor,primary_test_impostor,0,False,8.107,0.49,10070.28,10068.4,3655,127,8.431,
280,primary_test_impostor,primary_test_impostor,0,False,9.773,0.55,13055.716,13052.5,3655,127,7.825,
281,primary_test_impostor,primary_test_impostor,0,False,9.643,0.52,9123.996,9118.7,3655,127,6.603,
282,primary_test_impostor,primary_test_impostor,0,False,6.796,0.5,9628.108,9626.7,3655,127,6.511,
283,primary_test_impostor,primary_test_impostor,0,False,7.076,0.57,8697.483,8696.5,3655,127,6.819,
284,primary_test_impostor,primary_test_impostor,0,False,7.067,0.52,8545.655,8544.8,3655,127,6.372,
285,primary_test_impostor,primary_test_impostor,0,False,8.346,0.61,8867.498,8866.7,3655,127,6.588,
286,primary_test_impostor,primary_test_impostor,0,False,6.073,0.44,7964.215,7962.1,3655,127,11.209,
287,primary_test_impostor,primary_test_impostor,0,False,10.412,0.55,7861.196,7860.0,3655,127,6.225,
288,primary_test_impostor,primary_test_impostor,0,False,6.055,0.48,8853.998,8852.8,3655,127,9.215,
289,primary_test_impostor,primary_test_impostor,0,False,5.847,0.48,8528.179,8527.1,3655,127,6.101,
290,primary_test_impostor,primary_test_impostor,0,False,6.662,0.48,7821.7,7820.6,3655,127,7.795,
291,primary_test_impostor,primary_test_impostor,0,False,6.16,0.48,7378.492,7377.6,3655,127,6.048,
292,primary_test_impostor,primary_test_impostor,0,False,6.267,0.45,7661.516,7660.3,3655,127,7.408,
293,primary_test_impostor,primary_test_impostor,0,False,8.441,0.54,9015.351,9013.9,3655,127,11.086,
294,primary_test_impostor,primary_test_impostor,0,False,13.47,0.92,9028.423,9026.7,3655,127,12.443,
295,primary_test_impostor,primary_test_impostor,0,False,9.456,0.48,9466.98,9465.6,3655,127,6.925,
296,primary_test_impostor,primary_test_impostor,0,False,7.472,0.47,11396.252,11394.7,3655,127,7.31,
297,primary_test_impostor,primary_test_impostor,0,False,6.775,0.53,11145.912,11144.7,3655,127,7.848,
298,primary_test_impostor,primary_test_impostor,0,False,7.431,0.65,10785.871,10784.3,3655,127,9.108,
299,primary_test_impostor,primary_test_impostor,0,False,8.542,0.74,10483.174,10481.6,3655,127,26.524,
300,primary_test_impostor,primary_test_impostor,0,False,18.343,1.66,9248.257,9246.5,3655,127,8.329,
301,primary_test_impostor,primary_test_impostor,0,False,7.891,0.49,11706.557,11704.6,3655,127,9.736,
302,primary_test_impostor,primary_test_impostor,0,False,7.08,0.73,9785.719,9785.0,3655,127,5.803,
303,primary_test_impostor,primary_test_impostor,0,False,6.56,0.56,8176.393,8175.5,3655,127,5.456,
304,primary_test_impostor,primary_test_impostor,0,False,6.074,0.5,7764.972,7764.2,3655,127,8.232,
305,primary_test_impostor,primary_test_impostor,0,False,8.104,0.62,9006.696,9005.9,3655,127,5.263,
306,primary_test_impostor,primary_test_impostor,0,False,5.909,0.46,8114.376,8113.5,3655,127,5.985,
307,primary_test_impostor,primary_test_impostor,0,False,6.236,0.47,9246.606,9245.7,3655,127,7.198,
308,primary_test_impostor,primary_test_impostor,0,False,5.897,0.46,9987.75,9987.2,3655,127,5.955,
309,primary_test_impostor,primary_test_impostor,0,False,5.692,0.47,8814.564,8813.8,3655,127,5.761,
310,primary_test_impostor,primary_test_impostor,0,False,6.204,0.49,8628.808,8627.8,3655,127,5.361,
311,primary_test_impostor,primary_test_impostor,0,False,5.581,0.44,8582.863,8581.9,3655,127,7.313,
312,primary_test_impostor,primary_test_impostor,0,False,7.538,0.46,8702.238,8701.2,3655,127,6.276,
313,primary_test_impostor,primary_test_impostor,0,False,5.912,0.44,7953.711,7953.1,3655,127,7.077,
314,primary_test_impostor,primary_test_impostor,0,False,6.14,0.52,8184.167,8183.4,3655,127,8.0,
315,primary_test_impostor,primary_test_impostor,0,False,5.821,0.47,8426.313,8425.6,3655,127,5.63,
316,primary_test_impostor,primary_test_impostor,0,False,5.562,0.53,8803.82,8802.8,3655,127,6.957,
317,primary_test_impostor,primary_test_impostor,0,False,7.207,1.12,9298.482,9297.7,3655,127,6.237,
318,primary_test_impostor,primary_test_impostor,0,False,5.787,0.51,7891.488,7890.4,3655,127,22.978,
319,primary_test_impostor,primary_test_impostor,0,False,13.278,0.49,8523.941,8522.5,3655,127,10.346,
320,primary_test_impostor,primary_test_impostor,0,False,6.769,0.53,8553.045,8551.8,3655,127,8.325,
321,primary_test_impostor,primary_test_impostor,0,False,6.596,0.52,11584.873,11583.5,3655,127,12.592,
322,primary_test_impostor,primary_test_impostor,0,False,11.23,1.04,16176.0,16174.7,3655,127,11.398,
323,primary_test_impostor,primary_test_impostor,0,False,13.784,0.52,14759.332,14757.8,3655,127,14.716,
324,primary_test_impostor,primary_test_impostor,0,False,21.679,0.49,16123.85,16122.1,3655,127,11.137,
325,primary_test_impostor,primary_test_impostor,0,False,16.33,0.93,14721.388,14715.1,3655,127,10.343,
326,primary_test_impostor,primary_test_impostor,0,False,10.622,0.77,13238.495,13236.5,3655,127,13.434,
327,primary_test_impostor,primary_test_impostor,0,False,10.374,0.67,10892.689,10890.4,3655,127,13.316,
328,primary_test_impostor,primary_test_impostor,0,False,10.667,0.61,12214.819,12211.8,3655,127,17.765,
329,primary_test_impostor,primary_test_impostor,0,False,12.986,0.53,10466.181,10464.6,3655,127,8.474,
330,primary_test_impostor,primary_test_impostor,0,False,9.8,0.45,9851.812,9850.5,3655,127,6.229,
331,primary_test_impostor,primary_test_impostor,0,False,6.107,0.45,9725.285,9723.5,3655,127,9.346,
332,primary_test_impostor,primary_test_impostor,0,False,11.862,0.67,10373.437,10370.7,3655,127,10.738,
333,primary_test_impostor,primary_test_impostor,0,False,6.43,0.44,10637.786,10636.6,3655,127,11.741,
334,primary_test_impostor,primary_test_impostor,0,False,13.311,0.63,11109.619,11106.8,3655,127,7.166,
335,primary_test_impostor,primary_test_impostor,0,False,7.498,0.99,9886.915,9883.1,3655,127,14.115,
336,primary_test_impostor,primary_test_impostor,0,False,6.611,0.44,10781.505,10780.5,3655,127,9.503,
337,primary_test_impostor,primary_test_impostor,0,False,7.979,0.46,9978.891,9977.4,3655,127,7.201,
338,primary_test_impostor,primary_test_impostor,0,False,6.979,0.46,10195.134,10193.6,3655,127,8.375,
339,primary_test_impostor,primary_test_impostor,0,False,12.03,0.92,10566.541,10564.7,3655,127,16.886,
340,primary_test_impostor,primary_test_impostor,0,False,27.209,0.55,11227.363,11226.1,3655,127,24.547,
341,primary_test_impostor,primary_test_impostor,0,False,16.864,1.07,9591.413,9588.9,3655,127,14.316,
342,primary_test_impostor,primary_test_impostor,0,False,12.984,0.58,11132.055,11130.8,3655,127,10.623,
343,primary_test_impostor,primary_test_impostor,0,False,8.913,0.64,10552.492,10547.3,3655,127,66.352,
344,primary_test_impostor,primary_test_impostor,0,False,13.57,1.29,11247.176,11242.6,3655,127,6.822,
345,primary_test_impostor,primary_test_impostor,0,False,7.818,0.46,10235.207,10233.9,3655,127,7.91,
346,primary_test_impostor,primary_test_impostor,0,False,7.566,0.46,10155.444,10153.4,3655,127,13.759,
347,primary_test_impostor,primary_test_impostor,0,False,9.353,0.87,10430.823,10429.4,3655,127,6.751,
348,primary_test_impostor,primary_test_impostor,0,False,8.092,0.68,9742.052,9740.3,3655,127,10.742,
349,primary_test_impostor,primary_test_impostor,0,False,9.902,0.8,9290.256,9288.3,3655,127,25.501,
350,primary_test_impostor,primary_test_impostor,0,False,11.881,0.52,11429.378,11424.9,3655,127,11.736,
351,primary_test_impostor,primary_test_impostor,0,False,7.297,0.53,10315.823,10314.3,3655,127,8.193,
352,primary_test_impostor,primary_test_impostor,0,False,9.226,0.7,8550.6,8549.5,3655,127,7.875,
353,primary_test_impostor,primary_test_impostor,0,False,7.931,0.7,8410.184,8408.2,3655,127,8.806,
354,primary_test_impostor,primary_test_impostor,0,False,7.038,0.47,10120.196,10119.1,3655,127,9.657,
355,primary_test_impostor,primary_test_impostor,0,False,6.759,0.47,9050.249,9049.1,3655,127,6.424,
356,primary_test_impostor,primary_test_impostor,0,False,6.144,0.46,9511.166,9510.1,3655,127,6.15,
357,primary_test_impostor,primary_test_impostor,0,False,6.465,0.59,7853.099,7852.3,3655,127,5.715,
358,primary_test_impostor,primary_test_impostor,0,False,6.186,0.56,9273.115,9272.0,3655,127,5.605,
359,primary_test_impostor,primary_test_impostor,0,False,6.197,0.45,8701.297,8700.2,3655,127,7.055,
360,primary_test_impostor,primary_test_impostor,0,False,6.399,0.52,9775.877,9772.3,3655,127,8.17,
361,primary_test_impostor,primary_test_impostor,0,False,10.749,1.13,9785.629,9784.5,3655,127,6.975,
362,primary_test_impostor,primary_test_impostor,0,False,6.501,0.44,9314.979,9313.9,3655,127,5.731,
363,primary_test_impostor,primary_test_impostor,0,False,6.465,0.47,8685.853,8684.1,3655,127,6.639,
364,primary_test_impostor,primary_test_impostor,0,False,10.28,0.96,9407.863,9406.6,3655,127,6.334,
365,primary_test_impostor,primary_test_impostor,0,False,7.041,0.45,9604.146,9602.9,3655,127,7.675,
366,primary_test_impostor,primary_test_impostor,0,False,7.725,0.84,9428.705,9427.6,3655,127,11.223,
367,primary_test_impostor,primary_test_impostor,0,False,9.133,0.6,10191.901,10190.3,3655,127,11.168,
368,primary_test_impostor,primary_test_impostor,0,False,7.532,0.45,10939.873,10937.4,3655,127,9.038,
369,primary_test_impostor,primary_test_impostor,0,False,26.52,7.03,11885.69,11865.7,3655,127,14.983,
370,primary_test_impostor,primary_test_impostor,0,False,6.989,0.48,10469.137,10467.8,3655,127,11.585,
371,primary_test_impostor,primary_test_impostor,0,False,8.128,0.47,9274.827,9273.8,3655,127,5.948,
372,primary_test_impostor,primary_test_impostor,0,False,7.417,0.47,11219.279,11217.6,3655,127,7.417,
373,primary_test_impostor,primary_test_impostor,0,False,7.616,0.44,10084.616,10083.3,3655,127,8.245,
374,primary_test_impostor,primary_test_impostor,0,False,6.252,0.56,9299.94,9299.0,3655,127,5.39,
375,primary_test_impostor,primary_test_impostor,0,False,6.559,0.44,9367.33,9366.4,3655,127,6.264,
376,primary_test_impostor,primary_test_impostor,0,False,6.912,0.48,9221.085,9219.2,3655,127,8.163,
377,primary_test_impostor,primary_test_impostor,0,False,6.773,0.45,8931.617,8930.6,3655,127,8.796,
378,primary_test_impostor,primary_test_impostor,0,False,6.728,0.45,8561.632,8560.7,3655,127,10.783,
379,primary_test_impostor,primary_test_impostor,0,False,13.323,0.48,10323.446,10322.3,3655,127,6.785,
380,primary_test_impostor,primary_test_impostor,0,False,6.417,0.46,8387.997,8387.0,3655,127,8.346,
381,primary_test_impostor,primary_test_impostor,0,False,6.678,0.47,8939.876,8939.0,3655,127,5.958,
382,primary_test_impostor,primary_test_impostor,0,False,5.899,0.47,8145.381,8143.7,3655,127,13.072,
383,primary_test_impostor,primary_test_impostor,0,False,11.101,1.35,7796.193,7795.1,3655,127,5.422,
384,primary_test_impostor,primary_test_impostor,0,False,5.262,0.42,7027.977,7027.0,3655,127,6.012,
385,primary_test_impostor,primary_test_impostor,0,False,5.385,0.45,7385.488,7384.6,3655,127,6.106,
386,primary_test_impostor,primary_test_impostor,0,False,6.132,0.47,7604.092,7603.3,3655,127,6.492,
387,primary_test_impostor,primary_test_impostor,0,False,5.542,0.45,7306.818,7306.1,3655,127,4.984,
388,primary_test_impostor,primary_test_impostor,0,False,5.207,0.44,7134.728,7134.1,3655,127,6.732,
389,primary_test_impostor,primary_test_impostor,0,False,6.539,0.45,7219.488,7218.9,3655,127,5.71,
390,primary_test_impostor,primary_test_impostor,0,False,5.814,0.49,7929.172,7928.4,3655,127,5.839,
391,primary_test_impostor,primary_test_impostor,0,False,6.239,0.46,8442.872,8442.0,3655,127,8.41,
392,primary_test_impostor,primary_test_impostor,0,False,9.12,1.87,8898.833,8897.6,3655,127,6.45,
393,primary_test_impostor,primary_test_impostor,0,False,5.934,0.46,9258.697,9257.3,3655,127,10.421,
394,primary_test_impostor,primary_test_impostor,0,False,10.3,0.64,11738.374,11736.5,3655,127,9.899,
395,primary_test_impostor,primary_test_impostor,0,False,7.556,0.55,10972.946,10971.3,3655,127,7.361,
396,primary_test_impostor,primary_test_impostor,0,False,6.656,0.54,9924.103,9922.5,3655,127,10.388,
397,primary_test_impostor,primary_test_impostor,0,False,8.807,0.44,10368.632,10367.1,3655,127,11.004,
398,primary_test_impostor,primary_test_impostor,0,False,12.344,0.67,8906.184,8905.2,3655,127,7.097,
399,primary_test_impostor,primary_test_impostor,0,False,6.658,0.5,9191.268,9189.9,3655,127,8.316,
400,primary_test_impostor,primary_test_impostor,0,False,10.562,0.61,9303.381,9301.8,3655,127,7.697,
401,primary_test_impostor,primary_test_impostor,0,False,6.131,0.5,7479.644,7478.8,3655,127,5.856,
402,primary_test_impostor,primary_test_impostor,0,False,5.702,0.44,7229.739,7228.9,3655,127,6.096,
403,primary_test_impostor,primary_test_impostor,0,False,6.175,0.46,7534.443,7533.5,3655,127,5.647,
404,primary_test_impostor,primary_test_impostor,0,False,6.395,0.51,6865.9,6864.8,3655,127,6.553,
405,primary_test_impostor,primary_test_impostor,0,False,5.445,0.54,7051.994,7050.7,3655,127,6.311,
406,primary_test_impostor,primary_test_impostor,0,False,6.324,0.47,7169.305,7168.5,3655,127,5.705,
407,primary_test_impostor,primary_test_impostor,0,False,7.825,0.59,7266.534,7265.5,3655,127,6.059,
408,primary_test_impostor,primary_test_impostor,0,False,5.413,0.47,8856.913,8855.9,3655,127,45.599,
409,primary_test_impostor,primary_test_impostor,0,False,17.173,0.84,8890.973,8889.7,3655,127,7.103,
410,primary_test_impostor,primary_test_impostor,0,False,6.948,0.5,8533.218,8532.0,3655,127,5.822,
411,primary_test_impostor,primary_test_impostor,0,False,6.727,0.54,8752.437,8751.6,3655,127,8.26,
412,primary_test_impostor,primary_test_impostor,0,False,7.86,0.48,8354.103,8353.4,3655,127,6.215,
413,primary_test_impostor,primary_test_impostor,0,False,18.879,0.48,7867.578,7866.8,3655,127,5.76,
414,primary_test_impostor,primary_test_impostor,0,False,5.563,0.54,8660.838,8660.1,3655,127,10.559,
415,primary_test_impostor,primary_test_impostor,0,False,6.858,0.46,7663.729,7663.0,3655,127,5.913,
416,primary_test_impostor,primary_test_impostor,0,False,6.56,0.47,7073.002,7072.2,3655,127,5.747,
417,primary_test_impostor,primary_test_impostor,0,False,6.082,0.52,7644.302,7643.7,3655,127,6.346,
418,primary_test_impostor,primary_test_impostor,0,False,6.839,0.53,7159.601,7158.8,3655,127,6.165,
419,primary_test_impostor,primary_test_impostor,0,False,5.315,0.48,7360.167,7359.4,3655,127,5.416,
420,primary_test_impostor,primary_test_impostor,0,False,5.855,0.5,7137.915,7136.6,3655,127,9.623,
421,primary_test_impostor,primary_test_impostor,0,False,9.035,0.54,7105.647,7105.0,3655,127,7.045,
422,primary_test_impostor,primary_test_impostor,0,False,5.948,0.58,8389.546,8388.7,3655,127,7.026,
423,primary_test_impostor,primary_test_impostor,0,False,7.802,1.02,8944.87,8943.8,3655,127,6.73,
424,primary_test_impostor,primary_test_impostor,0,False,6.483,0.47,9267.225,9266.5,3655,127,6.434,
425,primary_test_impostor,primary_test_impostor,0,False,6.7,0.52,8646.119,8645.2,3655,127,10.695,
426,primary_test_impostor,primary_test_impostor,0,False,7.832,0.52,8660.952,8659.7,3655,127,5.497,
427,primary_test_impostor,primary_test_impostor,0,False,6.33,0.52,9056.888,9055.8,3655,127,8.663,
428,primary_test_impostor,primary_test_impostor,0,False,6.241,0.51,10152.601,10151.4,3655,127,11.227,
429,primary_test_impostor,primary_test_impostor,0,False,7.809,0.54,10248.318,10246.4,3655,127,6.436,
430,primary_test_impostor,primary_test_impostor,0,False,5.681,0.47,11191.337,11188.4,3655,127,12.291,
431,primary_test_impostor,primary_test_impostor,0,False,7.661,0.5,10770.378,10767.9,3655,127,24.941,
432,primary_test_impostor,primary_test_impostor,0,False,7.536,0.63,9490.363,9489.0,3655,127,7.689,
433,primary_test_impostor,primary_test_impostor,0,False,6.662,1.1,8577.001,8576.0,3655,127,9.434,
434,primary_test_impostor,primary_test_impostor,0,False,6.383,0.55,8306.353,8305.5,3655,127,6.963,
435,primary_test_impostor,primary_test_impostor,0,False,6.089,0.54,7375.309,7374.5,3655,127,5.661,
436,primary_test_impostor,primary_test_impostor,0,False,6.28,0.62,7311.459,7310.6,3655,127,5.731,
437,primary_test_impostor,primary_test_impostor,0,False,5.34,0.47,7226.234,7225.5,3655,127,5.856,
438,primary_test_impostor,primary_test_impostor,0,False,5.882,0.61,7396.9,7396.0,3655,127,5.997,
439,primary_test_impostor,primary_test_impostor,0,False,5.472,0.53,7106.925,7106.3,3655,127,5.881,
440,primary_test_impostor,primary_test_impostor,0,False,5.981,0.44,7149.236,7148.3,3655,127,6.281,
441,primary_test_impostor,primary_test_impostor,0,False,6.063,0.47,7282.687,7281.6,3655,127,8.508,
442,primary_test_impostor,primary_test_impostor,0,False,6.217,0.54,6804.738,6804.0,3655,127,5.963,
443,primary_test_impostor,primary_test_impostor,0,False,5.203,0.47,7017.669,7016.9,3655,127,6.835,
444,primary_test_impostor,primary_test_impostor,0,False,7.181,0.46,7422.334,7421.6,3655,127,5.698,
445,primary_test_impostor,primary_test_impostor,0,False,5.847,0.47,7600.054,7599.4,3655,127,7.633,
446,primary_test_impostor,primary_test_impostor,0,False,7.449,0.54,7508.612,7507.7,3655,127,5.679,
447,primary_test_impostor,primary_test_impostor,0,False,7.053,0.5,7928.096,7927.1,3655,127,11.624,
448,primary_test_impostor,primary_test_impostor,0,False,33.295,3.24,8386.263,8384.4,3655,127,9.026,
449,primary_test_impostor,primary_test_impostor,0,False,8.136,0.6,7965.577,7964.8,3655,127,5.906,
450,primary_test_impostor,primary_test_impostor,0,False,5.966,0.52,6601.754,6601.0,3655,127,9.004,
451,primary_test_impostor,primary_test_impostor,0,False,9.789,0.48,7638.929,7638.0,3655,127,8.56,
452,primary_test_impostor,primary_test_impostor,0,False,7.8,0.49,9082.6,9081.5,3655,127,8.718,
453,primary_test_impostor,primary_test_impostor,0,False,6.395,0.47,8628.957,8628.2,3655,127,7.5,
454,primary_test_impostor,primary_test_impostor,0,False,6.693,0.47,8163.846,8163.2,3655,127,5.667,
455,primary_test_impostor,primary_test_impostor,0,False,7.402,0.49,8580.017,8579.3,3655,127,7.893,
456,primary_test_impostor,primary_test_impostor,0,False,7.374,0.5,7703.601,7702.5,3655,127,6.096,
457,primary_test_impostor,primary_test_impostor,0,False,7.751,0.51,7143.514,7142.8,3655,127,6.149,
458,primary_test_impostor,primary_test_impostor,0,False,7.502,0.49,7428.674,7427.7,3655,127,25.571,
459,primary_test_impostor,primary_test_impostor,0,False,17.808,6.46,8042.417,8041.1,3655,127,5.941,
460,primary_test_impostor,primary_test_impostor,0,False,6.284,0.54,7002.244,7001.4,3655,127,5.874,
461,primary_test_impostor,primary_test_impostor,0,False,12.372,6.85,6854.623,6853.8,3655,127,6.951,
462,primary_test_impostor,primary_test_impostor,0,False,6.229,0.48,7107.132,7106.5,3655,127,6.284,
463,primary_test_impostor,primary_test_impostor,0,False,5.74,0.74,7619.996,7619.4,3655,127,6.193,
464,primary_test_impostor,primary_test_impostor,0,False,5.283,0.46,10218.136,10217.4,3655,127,6.209,
465,primary_test_impostor,primary_test_impostor,0,False,6.356,0.48,8719.719,8707.1,3655,127,75.867,
466,primary_test_impostor,primary_test_impostor,0,False,24.38,1.19,10685.09,10684.0,3655,127,5.996,
467,primary_test_impostor,primary_test_impostor,0,False,6.262,0.49,8928.932,8926.7,3655,127,8.224,
468,primary_test_impostor,primary_test_impostor,0,False,5.649,0.45,8129.565,8128.3,3655,127,10.868,
469,primary_test_impostor,primary_test_impostor,0,False,7.497,0.64,8969.622,8967.2,3655,127,8.343,
470,primary_test_impostor,primary_test_impostor,0,False,5.748,0.48,9032.477,9031.5,3655,127,6.66,
471,primary_test_impostor,primary_test_impostor,0,False,6.568,0.5,8635.103,8633.3,3655,127,7.87,
472,primary_test_impostor,primary_test_impostor,0,False,8.162,0.56,8278.004,8276.9,3655,127,6.233,
473,primary_test_impostor,primary_test_impostor,0,False,7.357,0.71,7984.915,7983.5,3655,127,6.901,
474,primary_test_impostor,primary_test_impostor,0,False,5.989,0.55,8204.817,8203.5,3655,127,6.342,
475,primary_test_impostor,primary_test_impostor,0,False,5.71,0.49,8383.01,8381.8,3655,127,16.155,
476,primary_test_impostor,primary_test_impostor,0,False,12.266,1.4,8551.246,8550.5,3655,127,8.249,
477,primary_test_impostor,primary_test_impostor,0,False,6.262,0.46,8573.093,8571.8,3655,127,7.255,
478,primary_test_impostor,primary_test_impostor,0,False,7.865,0.67,8628.436,8627.6,3655,127,5.476,
479,primary_test_impostor,primary_test_impostor,0,False,5.478,0.45,7042.382,7041.8,3655,127,5.058,
480,primary_test_impostor,primary_test_impostor,0,False,6.14,0.44,10132.467,10131.0,3655,127,10.454,
481,primary_test_impostor,primary_test_impostor,0,False,13.206,0.84,11784.421,11782.9,3655,127,8.034,
482,primary_test_impostor,primary_test_impostor,0,False,18.682,2.23,9214.979,9212.5,3655,127,8.787,
483,primary_test_impostor,primary_test_impostor,0,False,9.934,0.52,8882.813,8881.4,3655,127,6.236,
484,primary_test_impostor,primary_test_impostor,0,False,6.568,0.46,10383.978,10380.7,3655,127,6.698,
485,primary_test_impostor,primary_test_impostor,0,False,8.038,0.53,9025.338,9024.5,3655,127,8.938,
486,primary_test_impostor,primary_test_impostor,0,False,7.022,0.53,8793.96,8792.4,3655,127,16.351,
487,primary_test_impostor,primary_test_impostor,0,False,18.207,0.75,8283.99,8283.3,3655,127,6.123,
488,primary_test_impostor,primary_test_impostor,0,False,5.534,0.46,8132.974,8131.9,3655,127,5.27,
489,primary_test_impostor,primary_test_impostor,0,False,6.005,0.46,7473.178,7472.3,3655,127,7.221,
490,primary_test_impostor,primary_test_impostor,0,False,12.15,0.87,7839.942,7838.8,3655,127,8.403,
491,primary_test_impostor,primary_test_impostor,0,False,11.454,0.47,8969.806,8968.9,3655,127,13.388,
492,primary_test_impostor,primary_test_impostor,0,False,6.324,0.45,9029.207,9028.0,3655,127,8.463,
493,primary_test_impostor,primary_test_impostor,0,False,5.869,0.58,8328.74,8328.0,3655,127,5.828,
494,primary_test_impostor,primary_test_impostor,0,False,9.01,0.52,9066.38,9065.1,3655,127,12.048,
495,primary_test_impostor,primary_test_impostor,0,False,5.716,0.43,7156.038,7155.4,3655,127,5.891,
496,primary_test_impostor,primary_test_impostor,0,False,5.954,0.5,6846.664,6846.0,3655,127,6.719,
497,primary_test_impostor,primary_test_impostor,0,False,5.608,0.57,6996.304,6995.6,3655,127,5.672,
498,primary_test_impostor,primary_test_impostor,0,False,6.687,0.49,7139.199,7138.4,3655,127,5.301,
499,primary_test_impostor,primary_test_impostor,0,False,5.846,0.46,8384.277,8383.5,3655,127,7.492,
500,primary_test_impostor,primary_test_impostor,0,False,7.736,0.48,9212.748,9211.7,3655,127,15.863,
501,primary_test_impostor,primary_test_impostor,0,False,6.921,0.49,9365.177,9363.0,3655,127,7.152,
502,primary_test_impostor,primary_test_impostor,0,False,6.187,0.48,8427.58,8426.3,3655,127,5.93,
503,primary_test_impostor,primary_test_impostor,0,False,6.417,0.69,8032.199,8031.4,3655,127,7.954,
504,primary_test_impostor,primary_test_impostor,0,False,6.567,0.52,8992.526,8988.2,3655,127,24.487,
505,primary_test_impostor,primary_test_impostor,0,False,20.201,0.78,10033.219,10031.6,3655,127,12.056,
506,primary_test_impostor,primary_test_impostor,0,False,9.538,0.52,8229.163,8228.2,3655,127,6.812,
507,primary_test_impostor,primary_test_impostor,0,False,6.456,0.48,9698.82,9696.1,3655,127,66.056,
508,primary_test_impostor,primary_test_impostor,0,False,23.005,0.55,9857.66,9856.3,3655,127,6.998,
509,primary_test_impostor,primary_test_impostor,0,False,8.362,0.59,8885.389,8884.0,3655,127,9.819,
510,primary_test_impostor,primary_test_impostor,0,False,6.656,0.53,8638.715,8637.7,3655,127,8.396,
511,primary_test_impostor,primary_test_impostor,0,False,6.902,0.46,7646.879,7646.1,3655,127,5.53,
512,primary_test_impostor,primary_test_impostor,0,False,6.837,0.49,8551.016,8550.1,3655,127,5.954,
513,primary_test_impostor,primary_test_impostor,0,False,8.868,1.46,8995.905,8994.7,3655,127,5.971,
514,primary_test_impostor,primary_test_impostor,0,False,7.721,0.66,7658.058,7657.0,3655,127,6.881,
515,primary_test_impostor,primary_test_impostor,0,False,28.725,0.71,7922.526,7921.7,3655,127,5.871,
516,primary_test_impostor,primary_test_impostor,0,False,5.934,0.44,7936.686,7935.8,3655,127,8.481,
517,primary_test_impostor,primary_test_impostor,0,False,15.489,0.63,8350.119,8348.9,3655,127,5.819,
518,primary_test_impostor,primary_test_impostor,0,False,5.42,0.46,8758.84,8757.4,3655,127,6.013,
519,primary_test_impostor,primary_test_impostor,0,False,7.11,0.51,8159.496,8158.5,3655,127,6.191,
520,primary_test_impostor,primary_test_impostor,0,False,5.422,0.45,7670.578,7669.4,3655,127,5.662,
521,primary_test_impostor,primary_test_impostor,0,False,6.281,0.44,7208.398,7207.6,3655,127,5.907,
522,primary_test_impostor,primary_test_impostor,0,False,5.645,0.46,7662.199,7661.5,3655,127,6.609,
523,primary_test_impostor,primary_test_impostor,0,False,5.663,0.47,8581.723,8580.7,3655,127,5.98,
524,primary_test_impostor,primary_test_impostor,0,False,6.605,0.51,7495.157,7494.4,3655,127,7.603,
525,primary_test_impostor,primary_test_impostor,0,False,9.206,0.44,8197.335,8196.4,3655,127,5.866,
526,primary_test_impostor,primary_test_impostor,0,False,5.799,0.47,7568.763,7567.9,3655,127,8.516,
527,primary_test_impostor,primary_test_impostor,0,False,8.329,0.51,8495.219,8494.5,3655,127,5.332,
528,primary_test_impostor,primary_test_impostor,0,False,6.236,0.52,8126.663,8125.6,3655,127,5.729,
529,primary_test_impostor,primary_test_impostor,0,False,5.978,0.49,7996.434,7995.6,3655,127,6.084,
530,primary_test_impostor,primary_test_impostor,0,False,5.929,0.45,8300.048,8299.0,3655,127,5.636,
531,primary_test_impostor,primary_test_impostor,0,False,5.892,0.46,8114.444,8113.3,3655,127,5.837,
532,primary_test_impostor,primary_test_impostor,0,False,5.51,0.5,7618.048,7617.0,3655,127,7.75,
533,primary_test_impostor,primary_test_impostor,0,False,5.033,0.45,6908.985,6908.2,3655,127,6.353,
534,primary_test_impostor,primary_test_impostor,0,False,6.015,0.58,7760.421,7759.5,3655,127,6.388,
535,primary_test_impostor,primary_test_impostor,0,False,5.498,0.46,8083.348,8080.6,3655,127,36.748,
536,primary_test_impostor,primary_test_impostor,0,False,18.097,1.76,7711.168,7707.5,3655,127,5.605,
537,primary_test_impostor,primary_test_impostor,0,False,6.437,0.55,9357.905,9356.3,3655,127,6.342,
538,primary_test_impostor,primary_test_impostor,0,False,6.572,0.83,9679.666,9678.5,3655,127,9.694,
539,primary_test_impostor,primary_test_impostor,0,False,8.187,0.57,7980.949,7979.8,3655,127,21.783,
540,primary_test_impostor,primary_test_impostor,0,False,21.548,2.81,8550.56,8549.0,3655,127,6.343,
541,primary_test_impostor,primary_test_impostor,0,False,8.723,0.66,8048.399,8047.0,3655,127,6.297,
542,primary_test_impostor,primary_test_impostor,0,False,7.971,0.45,10531.945,10530.0,3655,127,6.753,
543,primary_test_impostor,primary_test_impostor,0,False,7.447,0.47,9663.788,9662.9,3655,127,8.494,
544,primary_test_impostor,primary_test_impostor,0,False,10.27,0.66,10385.643,10383.2,3655,127,5.51,
545,primary_test_impostor,primary_test_impostor,0,False,6.053,0.52,8401.04,8400.1,3655,127,6.136,
546,primary_test_impostor,primary_test_impostor,0,False,6.514,0.65,7821.562,7820.6,3655,127,5.526,
547,primary_test_impostor,primary_test_impostor,0,False,11.633,0.59,8302.686,8301.8,3655,127,5.959,
548,primary_test_impostor,primary_test_impostor,0,False,6.23,0.62,8492.157,8491.0,3655,127,10.059,
549,primary_test_impostor,primary_test_impostor,0,False,6.804,0.48,8000.737,7999.8,3655,127,5.646,
550,primary_test_impostor,primary_test_impostor,0,False,5.905,0.52,7598.839,7597.9,3655,127,7.406,
551,primary_test_impostor,primary_test_impostor,0,False,10.83,1.21,8540.4,8539.1,3655,127,10.153,
552,primary_test_impostor,primary_test_impostor,0,False,6.244,0.59,9562.271,9561.0,3655,127,8.04,
553,primary_test_impostor,primary_test_impostor,0,False,6.262,0.5,11273.285,11272.3,3655,127,6.404,
554,primary_test_impostor,primary_test_impostor,0,False,5.999,0.5,8858.793,8857.6,3655,127,6.415,
555,primary_test_impostor,primary_test_impostor,0,False,8.653,0.47,8132.19,8129.2,3655,127,7.167,
556,primary_test_impostor,primary_test_impostor,0,False,5.635,0.63,8200.914,8199.9,3655,127,10.518,
557,primary_test_impostor,primary_test_impostor,0,False,7.844,0.5,8043.221,8040.7,3655,127,5.886,
558,primary_test_impostor,primary_test_impostor,0,False,6.6,0.5,8025.38,8024.1,3655,127,5.845,
559,primary_test_impostor,primary_test_impostor,0,False,5.592,0.45,7273.314,7272.5,3655,127,6.04,
560,primary_test_impostor,primary_test_impostor,0,False,6.528,0.58,7716.354,7715.0,3655,127,11.559,
561,primary_test_impostor,primary_test_impostor,0,False,9.573,0.55,8328.626,8327.7,3655,127,5.66,
562,primary_test_impostor,primary_test_impostor,0,False,6.274,0.51,8318.83,8316.8,3655,127,6.485,
563,primary_test_impostor,primary_test_impostor,0,False,7.766,0.56,9500.49,9499.3,3655,127,12.852,
564,primary_test_impostor,primary_test_impostor,0,False,6.465,0.44,7988.896,7987.9,3655,127,5.586,
565,primary_test_impostor,primary_test_impostor,0,False,5.668,0.5,9660.105,9658.8,3655,127,7.602,
566,primary_test_impostor,primary_test_impostor,0,False,7.522,0.62,9898.608,9897.4,3655,127,15.296,
567,primary_test_impostor,primary_test_impostor,0,False,9.583,0.49,9675.894,9674.0,3655,127,8.704,
568,primary_test_impostor,primary_test_impostor,0,False,5.939,0.52,10138.404,10137.1,3655,127,8.606,
569,primary_test_impostor,primary_test_impostor,0,False,8.662,0.97,10911.716,10910.4,3655,127,9.154,
570,primary_test_impostor,primary_test_impostor,0,False,15.28,0.66,10620.121,10618.6,3655,127,14.655,
571,primary_test_impostor,primary_test_impostor,0,False,9.69,0.61,11841.018,11840.0,3655,127,9.625,
572,primary_test_impostor,primary_test_impostor,0,False,8.191,0.5,9150.386,9149.2,3655,127,7.006,
573,primary_test_impostor,primary_test_impostor,0,False,7.514,0.49,9858.777,9857.6,3655,127,6.331,
574,primary_test_impostor,primary_test_impostor,0,False,6.119,0.47,11011.542,11010.1,3655,127,6.467,
575,primary_test_impostor,primary_test_impostor,0,False,9.355,0.53,9943.534,9941.6,3655,127,6.183,
576,primary_test_impostor,primary_test_impostor,0,False,7.298,0.55,9591.16,9589.8,3655,127,7.387,
577,primary_test_impostor,primary_test_impostor,0,False,6.72,0.45,11041.021,11039.5,3655,127,8.534,
578,primary_test_impostor,primary_test_impostor,0,False,7.835,0.48,10205.039,10203.1,3655,127,14.453,
579,primary_test_impostor,primary_test_impostor,0,False,8.912,0.97,11266.233,11264.3,3655,127,13.946,
580,primary_test_impostor,primary_test_impostor,0,False,13.05,0.55,9825.347,9823.1,3655,127,9.506,
581,primary_test_impostor,primary_test_impostor,0,False,11.849,1.07,9031.547,9030.0,3655,127,7.029,
582,primary_test_impostor,primary_test_impostor,0,False,6.574,0.5,8989.58,8988.6,3655,127,8.742,
583,primary_test_impostor,primary_test_impostor,0,False,6.135,0.49,9961.202,9959.1,3655,127,11.072,
584,primary_test_impostor,primary_test_impostor,0,False,19.423,0.54,8239.445,8238.4,3655,127,5.391,
585,primary_test_impostor,primary_test_impostor,0,False,5.911,0.52,7617.702,7616.6,3655,127,5.57,
586,primary_test_impostor,primary_test_impostor,0,False,5.855,0.48,7688.994,7688.0,3655,127,7.042,
587,primary_test_impostor,primary_test_impostor,0,False,7.434,0.46,8305.93,8304.6,3655,127,11.152,
588,primary_test_impostor,primary_test_impostor,0,False,18.724,4.45,7608.857,7606.2,3655,127,6.151,
589,primary_test_impostor,primary_test_impostor,0,False,4.849,0.46,7632.319,7631.3,3655,127,5.012,
590,primary_test_impostor,primary_test_impostor,0,False,5.698,0.44,10251.497,10249.9,3655,127,9.106,
591,primary_test_impostor,primary_test_impostor,0,False,9.59,0.47,11288.22,11286.5,3655,127,7.727,
592,primary_test_impostor,primary_test_impostor,0,False,5.579,0.5,9468.486,9467.2,3655,127,5.815,
593,primary_test_impostor,primary_test_impostor,0,False,5.989,0.44,6364.286,6363.5,3655,127,5.533,
594,primary_test_impostor,primary_test_impostor,0,False,5.681,0.46,7304.755,7304.1,3655,127,5.545,
595,primary_test_impostor,primary_test_impostor,0,False,5.425,0.43,6435.336,6434.8,3655,127,5.101,
596,primary_test_impostor,primary_test_impostor,0,False,5.285,0.49,5664.994,5664.3,3655,127,5.921,
597,primary_test_impostor,primary_test_impostor,0,False,5.646,0.46,12784.202,12782.6,3655,127,10.342,
598,primary_test_impostor,primary_test_impostor,0,False,6.793,0.44,10871.522,10868.0,3655,127,6.74,
599,primary_test_impostor,primary_test_impostor,0,False,17.028,0.65,8100.5,8099.8,3655,127,6.218,
600,primary_test_impostor,primary_test_impostor,0,False,6.645,0.46,8684.182,8683.5,3655,127,5.692,
601,primary_test_impostor,primary_test_impostor,0,False,5.596,0.49,9414.479,9410.4,3655,127,21.665,
602,primary_test_impostor,primary_test_impostor,0,False,26.075,1.42,9048.926,9048.0,3655,127,6.252,
603,primary_test_impostor,primary_test_impostor,0,False,5.684,0.48,8932.88,8931.9,3655,127,8.578,
604,primary_test_impostor,primary_test_impostor,0,False,6.93,0.44,9037.017,9035.9,3655,127,7.78,
605,primary_test_impostor,primary_test_impostor,0,False,5.898,0.69,8800.657,8799.4,3655,127,6.196,
606,primary_test_impostor,primary_test_impostor,0,False,7.167,0.55,8100.91,8100.0,3655,127,7.108,
607,primary_test_impostor,primary_test_impostor,0,False,6.652,0.45,9867.59,9866.7,3655,127,8.065,
608,primary_test_impostor,primary_test_impostor,0,False,6.585,0.52,8774.976,8774.2,3655,127,5.825,
609,primary_test_impostor,primary_test_impostor,0,False,6.264,0.47,8087.895,8087.1,3655,127,5.113,
610,primary_test_impostor,primary_test_impostor,0,False,6.394,0.47,7883.727,7883.1,3655,127,5.606,
611,primary_test_impostor,primary_test_impostor,0,False,5.949,0.48,7995.86,7994.9,3655,127,7.376,
612,primary_test_impostor,primary_test_impostor,0,False,6.318,0.47,8490.954,8490.2,3655,127,5.474,
613,primary_test_impostor,primary_test_impostor,0,False,6.591,0.62,7966.961,7966.2,3655,127,5.382,
614,primary_test_impostor,primary_test_impostor,0,False,5.271,0.44,7714.422,7713.8,3655,127,5.796,
615,primary_test_impostor,primary_test_impostor,0,False,5.22,0.47,7904.551,7903.8,3655,127,6.489,
616,primary_test_impostor,primary_test_impostor,0,False,5.769,0.46,7822.808,7821.9,3655,127,6.337,
617,primary_test_impostor,primary_test_impostor,0,False,5.679,0.58,7367.045,7366.2,3655,127,9.314,
618,primary_test_impostor,primary_test_impostor,0,False,10.687,0.5,9868.21,9865.4,3655,127,13.72,
619,primary_test_impostor,primary_test_impostor,0,False,6.983,0.48,9047.181,9046.2,3655,127,5.53,
620,primary_test_impostor,primary_test_impostor,0,False,6.621,0.52,8715.64,8713.6,3655,127,10.373,
621,primary_test_impostor,primary_test_impostor,0,False,7.957,0.74,8581.256,8580.2,3655,127,5.82,
622,primary_test_impostor,primary_test_impostor,0,False,11.266,0.45,9196.128,9194.9,3655,127,5.815,
623,primary_test_impostor,primary_test_impostor,0,False,6.111,0.49,8026.912,8025.8,3655,127,10.71,
624,primary_test_impostor,primary_test_impostor,0,False,9.16,0.64,9087.801,9086.6,3655,127,6.554,
625,primary_test_impostor,primary_test_impostor,0,False,7.404,0.51,8480.472,8479.2,3655,127,8.01,
626,primary_test_impostor,primary_test_impostor,0,False,10.416,0.56,9155.585,9154.4,3655,127,6.447,
627,primary_test_impostor,primary_test_impostor,0,False,7.26,0.46,8338.884,8327.8,3655,127,30.0,
628,primary_test_impostor,primary_test_impostor,0,False,15.895,0.61,7437.878,7436.8,3655,127,6.779,
629,primary_test_impostor,primary_test_impostor,0,False,7.206,0.46,7843.246,7841.8,3655,127,8.586,
630,primary_test_impostor,primary_test_impostor,0,False,7.47,0.48,9016.063,9015.2,3655,127,6.282,
631,primary_test_impostor,primary_test_impostor,0,False,10.594,0.53,7733.174,7732.2,3655,127,5.822,
